version https://git-lfs.github.com/spec/v1
oid sha256:c78957e6e90610e7a29f3a502402988e6f1355c487cc48966144181a76e0c3c2
size 472260334
